3.003570079803466797e+00 -1.920789957046508789e+00
-4.239330068230628967e-02 6.186490058898925781e-01
4.150569915771484375e+00 8.990910053253173828e-01
4.010460078716278076e-01 -3.578250110149383545e-01
1.612599968910217285e+00 -5.053110122680664062e-01
1.750140041112899780e-01 -9.654099941253662109e-01
4.657770097255706787e-01 1.056120038032531738e+00
1.132590055465698242e+00 1.840530037879943848e+00
-3.468889892101287842e-01 4.685780107975006104e-01
3.441900014877319336e+00 1.210600018501281738e+00
5.409430265426635742e-01 -1.841079950332641602e+00
-4.821319878101348877e-01 3.765110075473785400e-01
4.373539984226226807e-01 -6.399689912796020508e-01
5.043060183525085449e-01 1.135459989309310913e-01
2.995170116424560547e+00 -3.080979883670806885e-01
-5.591139942407608032e-02 5.290830135345458984e-01
7.080870270729064941e-01 -7.541790008544921875e-01
4.194890022277832031e+00 -1.590399980545043945e+00
2.367939986288547516e-02 5.873000025749206543e-01
2.752079963684082031e-01 -5.073140263557434082e-01
5.367849826812744141e+00 8.842779994010925293e-01
1.822329998016357422e+00 4.752250015735626221e-01
5.452749729156494141e-01 -5.959740281105041504e-01
2.171499967575073242e+00 -7.286739945411682129e-01
5.455890297889709473e-01 -1.379969954490661621e+00
1.258040070533752441e-01 -1.308300018310546875e+00
5.638840198516845703e-01 1.485229969024658203e+00
2.171370029449462891e+00 1.452299952507019043e+00
6.921839714050292969e-01 4.367969930171966553e-01
-1.604920029640197754e-01 -6.070020198822021484e-01
5.049970149993896484e-01 -5.169289708137512207e-01
6.617589950561523438e+00 -3.411419987678527832e-01
