-1.379839926958084106e-01 -5.084400177001953125e-01
-2.253859937191009521e-01 5.377650260925292969e-01
8.103830218315124512e-01 1.151000022888183594e+00
3.651160001754760742e-01 -4.247510135173797607e-01
4.059259891510009766e-01 6.163790225982666016e-01
5.945610046386718750e+00 -4.080809950828552246e-01
1.283749938011169434e-01 6.438059806823730469e-01
3.644910097122192383e+00 -4.405629932880401611e-01
-7.420290261507034302e-02 6.295130252838134766e-01
7.213879823684692383e-01 1.277230024337768555e+00
-5.179870128631591797e-01 -4.045270010828971863e-02
-1.837369948625564575e-01 4.790810048580169678e-01
3.924320042133331299e-01 -4.838620126247406006e-01
1.750140041112899780e-01 -9.654099941253662109e-01
-6.602100133895874023e-01 1.843359947204589844e+00
4.181719779968261719e+00 1.585510015487670898e+00
1.230100035667419434e+00 -1.039049983024597168e+00
5.359039902687072754e-01 -3.627470135688781738e-01
4.625249862670898438e+00 1.322710037231445312e+00
-1.385230012238025665e-02 6.425259709358215332e-01
1.552510023117065430e+00 -1.253340005874633789e+00
2.867860078811645508e+00 -9.158149957656860352e-01
-5.194429755210876465e-01 -1.458510041236877441e+00
5.670060157775878906e+00 -1.074560046195983887e+00
5.366799831390380859e+00 5.730149894952774048e-02
2.896879911422729492e-01 -6.643469929695129395e-01
4.318870007991790771e-01 -1.049919962882995605e+00
3.760710000991821289e+00 -1.183339953422546387e+00
1.538680046796798706e-01 -4.910610020160675049e-01
-7.211019992828369141e-01 -1.360550045967102051e+00
7.593340277671813965e-01 -4.429639875888824463e-01
1.162089943885803223e+00 1.701769948005676270e+00
1.306679964065551758e+00 -1.793670058250427246e-01
-5.399719998240470886e-02 -5.138769745826721191e-01
8.082730174064636230e-01 -5.862060189247131348e-01
6.282889842987060547e+00 -1.372329950332641602e+00
1.266790032386779785e+00 1.523939967155456543e+00
8.837820291519165039e-01 5.801190137863159180e-01
4.923590183258056641e+00 1.147719979286193848e+00
3.289040088653564453e+00 6.857200264930725098e-01
5.817520141601562500e+00 1.822839975357055664e+00
5.079259872436523438e+00 -1.090179979801177979e-01
2.755690097808837891e+00 -1.574440002441406250e-01
6.327900290489196777e-01 3.737179934978485107e-01
-2.521339952945709229e-01 5.041229724884033203e-01
-4.821319878101348877e-01 3.765110075473785400e-01
6.570690155029296875e+00 -1.904430031776428223e+00
6.768219947814941406e+00 -1.801859974861145020e+00
-5.404369831085205078e-01 4.801680147647857666e-01
4.476779937744140625e+00 1.410439968109130859e+00
1.777459979057312012e+00 -1.384709954261779785e+00
4.776790142059326172e+00 5.513929724693298340e-01
-2.534340023994445801e-01 1.929479956626892090e+00
4.203589856624603271e-01 8.598170280456542969e-01
-3.319879993796348572e-02 -1.688130021095275879e+00
7.968000173568725586e-01 -2.067430019378662109e-01
4.167450070381164551e-01 3.301489949226379395e-01
3.153439998626708984e+00 4.685570001602172852e-01
2.967830002307891846e-01 4.420970082283020020e-01
3.455009937286376953e+00 -1.676890015602111816e+00
2.636899948120117188e+00 -8.410420268774032593e-02
2.165889978408813477e+00 -1.464239954948425293e+00
1.945240050554275513e-01 1.081900000572204590e+00
-5.042859911918640137e-01 -1.961009949445724487e-01
6.208270072937011719e+00 9.350989758968353271e-02
6.792890071868896484e+00 -1.214490056037902832e+00
-4.239330068230628967e-02 6.186490058898925781e-01
3.990679979324340820e+00 8.349900245666503906e-01
-2.148919999599456787e-01 -8.835859894752502441e-01
1.524560004472732544e-01 -5.463489890098571777e-01
1.139320015907287598e+00 3.534240126609802246e-01
3.546570062637329102e+00 5.307710170745849609e-01
-2.783989906311035156e-01 -8.544160127639770508e-01
6.375160217285156250e+00 -1.368490010499954224e-01
1.613790035247802734e+00 -1.574519991874694824e+00
3.604789972305297852e+00 -1.594259977340698242e+00
2.757900059223175049e-01 -4.511350095272064209e-01
3.150640010833740234e+00 -8.742110133171081543e-01
1.229069948196411133e+00 -1.607349991798400879e+00
7.243160009384155273e-01 -2.959359884262084961e-01
-7.127609848976135254e-01 4.950320124626159668e-01
-6.710579991340637207e-01 6.342999935150146484e-01
1.792930006980895996e+00 -9.778590202331542969e-01
5.973239898681640625e+00 -1.394440054893493652e+00
6.890659928321838379e-01 1.903399974107742310e-01
5.820310115814208984e+00 -1.657199978828430176e+00
5.032529830932617188e-01 6.205120086669921875e-01
2.172420024871826172e+00 -6.116339936852455139e-02
7.724599838256835938e-01 3.744690120220184326e-01
1.620109975337982178e-01 1.715549945831298828e+00
9.285709857940673828e-01 -1.911800026893615723e+00
5.592989921569824219e-01 2.721250057220458984e-02
5.146170258522033691e-01 8.804529905319213867e-01
6.617589950561523438e+00 -3.411419987678527832e-01
-4.615350067615509033e-01 -2.623209953308105469e-01
2.860580086708068848e-01 -1.540770053863525391e+00
-5.282779932022094727e-01 -7.509469985961914062e-02
7.341279983520507812e-01 -1.449920058250427246e+00
4.497900009155273438e+00 4.449279978871345520e-02
2.735179901123046875e+00 9.935989975929260254e-01
6.118790149688720703e+00 1.817729949951171875e+00
2.512340068817138672e+00 -1.448010057210922241e-01
3.154700040817260742e+00 -1.840479969978332520e+00
3.853770017623901367e+00 9.451839923858642578e-01
4.170229911804199219e+00 5.250440239906311035e-01
1.208379983901977539e+00 -1.223449945449829102e+00
4.635399818420410156e+00 2.963640093803405762e-01
6.565269827842712402e-01 1.048120021820068359e+00
3.143250048160552979e-01 -5.533580183982849121e-01
3.592459917068481445e+00 1.600350022315979004e+00
-1.671389937400817871e-01 5.015969872474670410e-01
1.242269992828369141e+00 -8.331810235977172852e-01
6.051499843597412109e+00 2.920610010623931885e-01
5.819180011749267578e+00 1.646170020103454590e+00
1.979960054159164429e-01 -6.729739904403686523e-01
3.151690006256103516e+00 3.233909904956817627e-01
1.120390057563781738e+00 4.185700118541717529e-01
4.646329879760742188e+00 -1.972649991512298584e-01
-4.808929860591888428e-01 -4.423440098762512207e-01
-6.352130174636840820e-01 -1.004549980163574219e+00
-1.035119965672492981e-01 -8.256319761276245117e-01
-3.984940052032470703e-01 -4.123179912567138672e-01
1.990679949522018433e-01 1.149549961090087891e+00
5.936820030212402344e+00 -8.800639957189559937e-02
6.570690155029296875e+00 1.903090000152587891e+00
3.299279928207397461e+00 -1.919690012931823730e+00
4.015910029411315918e-01 1.189350008964538574e+00
5.512819766998291016e+00 -1.834899932146072388e-01
