2.860580086708068848e-01 -1.540770053863525391e+00
7.683600187301635742e-01 7.159370183944702148e-01
1.135589957237243652e+00 -4.323239922523498535e-01
5.079259872436523438e+00 -1.090179979801177979e-01
7.436829805374145508e-01 1.014430046081542969e+00
-6.256190245039761066e-04 -5.172119736671447754e-01
2.593640089035034180e+00 -9.312700033187866211e-01
4.405089914798736572e-01 1.696930050849914551e+00
-4.725089967250823975e-01 -9.549769759178161621e-01
6.506689786911010742e-01 -1.525670051574707031e+00
6.702099800109863281e+00 -4.575830101966857910e-01
7.330200076103210449e-01 2.192959934473037720e-01
2.298440039157867432e-01 -4.756290018558502197e-01
2.307970046997070312e+00 9.363399744033813477e-01
1.546849966049194336e+00 -8.715100288391113281e-01
2.348200082778930664e+00 7.070969939231872559e-01
5.955930233001708984e+00 8.558160066604614258e-01
5.066289901733398438e-01 -4.250769913196563721e-01
-2.306270003318786621e-01 -6.703959703445434570e-01
5.231429934501647949e-01 -7.798189669847488403e-02
1.959349989891052246e+00 -5.198239907622337341e-02
3.003570079803466797e+00 -1.920789957046508789e+00
5.079470157623291016e+00 -1.420629978179931641e+00
2.448260039091110229e-01 -8.718360066413879395e-01
7.859259843826293945e-01 -3.130010096356272697e-03
2.522069931030273438e+00 1.204349994659423828e-01
1.383059978485107422e+00 1.849939942359924316e+00
3.112299919128417969e+00 -3.895150125026702881e-01
5.481029748916625977e-01 1.516190022230148315e-01
-6.521119922399520874e-02 -8.874189853668212891e-01
1.595289945602416992e+00 1.206680059432983398e+00
-4.918079972267150879e-01 1.521389931440353394e-01
6.081190109252929688e+00 -1.589300036430358887e-01
4.729390144348144531e-01 -1.645740032196044922e+00
1.826210021972656250e+00 8.537529706954956055e-01
6.448789834976196289e-01 1.136919975280761719e+00
1.322139978408813477e+00 1.038100004196166992e+00
-1.260839998722076416e-01 6.610429883003234863e-01
5.420349836349487305e-01 -6.534590125083923340e-01
5.638509988784790039e-01 2.518950104713439941e-01
1.579380035400390625e-01 -7.470099925994873047e-01
4.976089894771575928e-01 -2.758550047874450684e-01
-5.186179876327514648e-01 -1.568319946527481079e-01
-5.144460201263427734e-01 3.200950026512145996e-01
-5.557640194892883301e-01 1.411409974098205566e+00
5.652090072631835938e+00 6.016099825501441956e-02
-6.737629771232604980e-01 -8.918490260839462280e-02
8.323640227317810059e-01 -4.103370010852813721e-01
1.616770029067993164e-01 6.142110228538513184e-01
2.880789995193481445e+00 7.650129795074462891e-01
1.212409973144531250e+00 8.877649903297424316e-01
5.517990112304687500e+00 1.134760022163391113e+00
-8.711399883031845093e-02 -7.253159880638122559e-01
6.155239939689636230e-01 -1.329959988594055176e+00
9.891769886016845703e-01 -3.392199873924255371e-01
-1.236710026860237122e-01 -6.436300277709960938e-01
5.227450132369995117e-01 -9.839149713516235352e-01
-5.170419812202453613e-01 5.657690167427062988e-01
5.819180011749267578e+00 1.646170020103454590e+00
1.094210028648376465e+00 7.803069949150085449e-01
7.303670048713684082e-01 2.762370109558105469e-01
5.074329853057861328e+00 3.853200078010559082e-01
-4.199689924716949463e-01 -5.808119773864746094e-01
9.426789879798889160e-01 6.109589934349060059e-01
