9.201369881629943848e-01 -2.933030128479003906e-01
-4.724150002002716064e-01 -1.996850073337554932e-01
1.116690039634704590e-02 -1.449280023574829102e+00
3.767529964447021484e+00 -8.523010015487670898e-01
-4.053139984607696533e-01 -4.928230047225952148e-01
4.497079849243164062e+00 -1.097139954566955566e+00
5.082210063934326172e+00 -9.265789985656738281e-01
1.330369949340820312e+00 1.141399979591369629e+00
1.933680027723312378e-01 -8.340929746627807617e-01
6.792890071868896484e+00 -1.214490056037902832e+00
5.043060183525085449e-01 1.135459989309310913e-01
5.661900043487548828e+00 8.736349940299987793e-01
9.431579709053039551e-01 4.192529916763305664e-01
3.663470029830932617e+00 -1.294189989566802979e-01
3.093379974365234375e+00 -5.157170295715332031e-01
-6.089149713516235352e-01 -6.082800030708312988e-02
